0 0.4069110921511115 0.20147476604278075 0.17602026487793312 0.11883929451519155 0.81
0 0.48351796647571893 0.45511011133856955 0.1734172037645554 0.07284150149095504 0.61
0 0.48237363267466477 0.7082699862393466 0.16928852218595625 0.07687316731335644 0.58
0 0.049696637613300544 0.9507860805899064 0.06718179383745644 0.04473876953125 0.50
0 0.6914462222124206 0.5282646627987132 0.06492469373015172 0.035013249851165607 0.48
0 0.8339257950335215 0.9505225196879178 0.08219070811463479 0.043487140839112634 0.47
0 0.5094402477450158 0.9497515836501504 0.11428025379598183 0.04837313565340909 0.45
0 0.4275184475206201 0.04896691776214437 0.06295675144451306 0.05563506468094606 0.41
0 0.4402834098778229 0.050602362117665334 0.09298876195031316 0.05489221868668011 0.37
0 0.683341769997133 0.9498178410657587 0.09826647234198571 0.04469903140144552 0.36
0 0.042099168625362504 0.9510251621511531 0.08048648874609926 0.0543789787088486 0.30
0 0.8257025460920959 0.9538584826464321 0.09554762964780346 0.056324515113218586 0.28
